-1.9400  1.9350  5.1000 
-1.9150  1.8950  5.1000 
-1.8850  1.8650  5.1000 
-1.8700  1.8350  5.1000 
-1.8250  1.7950  5.1000 
-1.8000  1.7500  5.1000 
-1.7600  1.7000  5.1000 
-1.7250  1.6650  5.1000 
-1.6950  1.6400  5.1000 
-1.6600  1.6250  5.1000 
-1.6300  1.5800  5.1000 
-1.5850  1.5150  5.1000 
-1.5500  1.4950  5.1000 
-1.5200  1.4450  5.1000 
-1.4950  1.4150  5.1000 
-1.4400  1.4050  5.1000 
-1.3850  1.4050  5.1000 
-1.3500  1.4050  5.1000 
-1.2800  1.3950  5.1000 
-1.1600  1.3950  5.1000 
-1.0700  1.3900  5.1000 
-0.9800  1.3800  5.1000 
-0.9000  1.3800  5.1000 
-0.8100  1.3750  5.1000 
-0.7400  1.3750  5.1000 
-0.6500  1.3750  5.1000 
-0.5650  1.3750  5.1000 
-0.5100  1.3750  5.1000 
-0.3850  1.3700  5.1000 
-0.2950  1.3700  5.1000 
-0.2250  1.3700  5.1000 
-0.1550  1.3700  5.1000 
-0.1000  1.3700  5.1000 
-0.0800  1.3700  5.1000 
-0.0350  1.3700  5.1000 
-0.0150  1.3800  5.1000 
0.0050  1.3750  5.1000