-1.9350 0.0750 5.1000
-1.8950 0.0700 5.1000
-1.8450 0.0900 5.1000
-1.7850 0.1200 5.1000
-1.7400 0.1900 5.1000
-1.9700 0.1050 5.1000
-1.7250 0.2300 5.1000
-1.6850 0.2450 5.1000
-1.6450 0.2700 5.1000
-1.6150 0.2900 5.1000
-1.5100 0.3200 5.1000
-1.4450 0.3400 5.1000
-1.3250 0.3600 5.1000
-1.2900 0.3650 5.1000
-1.1700 0.3750 5.1000
-1.0550 0.3900 5.1000
-0.9050 0.4100 5.1000
-0.8300 0.4250 5.1000
-0.7200 0.4300 5.1000
-0.5150 0.4300 5.1000
-0.4200 0.4400 5.1000
-0.2500 0.4500 5.1000
-0.1400 0.4500 5.1000
-0.1400 0.4500 5.1000
-0.0900 0.4550 5.1000
-0.0350 0.4800 5.1000
-0.0150 0.5000 5.1000
0.0050 0.5300 5.1000