0.1050 1.9400 5.1000
0.0450 1.9650 5.1000
-0.0100 1.9550 5.1000
-0.0700 1.9250 5.1000
-0.1050 1.9100 5.1000
-0.1450 1.8900 5.1000
-0.1700 1.8350 5.1000
-0.1750 1.7800 5.1000
-0.1850 1.6700 5.1000
-0.2100 1.2400 5.1000
-0.2250 0.8450 5.1000
-0.2550 0.5250 5.1000
-0.2500 0.2950 5.1000
-0.2450 0.1850 5.1000
-0.2150 0.1400 5.1000
-0.1950 0.1050 5.1000
-0.1550 0.0900 5.1000
-0.1400 0.0750 5.1000
-0.1100 0.0550 5.1000
-0.1000 0.0350 5.1000
-0.0600 0.0200 5.1000
-0.0300 0.0150 5.1000
-0.0050 0.0100 5.1000
0.0200 0.0100 5.1000